0,528
0,527
0,526
0,388
0,525
0,524
0,474
40,35
26,5
26,4
26,1
26,3
25,4
25,1
25,3
14,4
10,130
10,123
10,97
10,121
10,257
10,79
10,214
10,291
11,11
11,16
11,7
11,20
11,15
8,9
8,17
20,2
20,1
20,3
19,2
19,1
19,3
18,1
18,3
14,1
14,5
14,3
13,1
13,3
2,1
2,3
36,7
36,6
36,5
36,4
36,3
36,2
36,1
35,5
35,4
35,3
35,2
35,1
34,120
34,119
34,118
34,117
34,116
34,115
34,114
34,113
34,112
34,111
34,110
34,109
34,108
34,107
34,106
34,105
34,104
34,103
34,102
34,101
34,100
34,99
34,98
34,97
34,96
34,95
34,94
34,93
34,92
34,91
34,90
34,89
34,88
34,87
34,86
34,85
34,84
34,83
34,82
34,81
34,80
34,79
34,78
34,77
34,76
34,75
34,74
34,9
34,8
34,5
34,4
34,3
34,2
34,1
34,0
32,5
32,4
32,3
32,1
31,4
31,3
31,1
30,3
30,1
